worker
--------------------------------------------------------------------------------
①第二天仅在12/13点出现过
②在room6中出现过: 74个
②在room4中出现过:31个
④在room4中出现过且9:00-9:10参加员工会议的:200个
⑤在room2中出现过:302个
⑥三天全来且全天出席且较频繁活动于主分会场、展厅
⑥某天在签到处sid响应了5次以上
⑦三天内活跃过的sid种类数之和>30   (len(set(df21[df21.id==i].label))+len(set(df22[df22.id==i].label))+len(set(df23[df23.id==i].label))>25)
⑧三天内从未去过主分会场和展厅
worker=[16479, 16508, 16513, 16515, 16528, 16542, 16544, 16559, 16565,
       16573, 16575, 16635, 16646, 16649, 16726, 16778, 16787, 16799,
       16846, 16849, 16852, 16873, 16910, 16916, 17019, 17041, 17051,
       17074, 17086, 17092, 17093, 17122, 17124, 17139, 17152, 17158,
       17175, 17214, 17216, 17245, 17249, 17262, 17266, 17295, 17309,
       17316, 17341, 17438, 17444, 17524, 17575, 17578, 17579, 17614,
       17631, 17647, 17651, 17661, 17696, 17731, 17776, 17789, 17793,
       17801, 17802, 17821, 17835, 17854, 17889, 17891, 17903, 17915,
       10080, 17968, 17999, 18014, 18039, 18040, 18046, 18056, 18077,
       18148, 18172, 18174, 18186, 18200, 18206, 10023, 10043, 18237,
       10050, 10060, 18260, 10068, 10088, 10112, 18318, 18319, 10135,
       18355, 18366, 18385, 10217, 18426, 18431, 18441, 10275, 10301,
       10305, 18514, 18518, 18525, 10339, 18558, 18562, 18572, 18586,
       18597, 18618, 10437, 10440, 18632, 10455, 10457, 10462, 10490,
       18680, 10498, 18702, 18740, 18380, 18788, 10606, 10604, 18818,
       18819, 18830, 10639, 18827, 10648, 18842, 10670, 18873, 10693,
       18887, 10714, 10720, 10724, 18944, 10754, 18958, 10771, 10779,
       18979, 18980, 10803, 19007, 19015, 10837, 19056, 19068, 10903,
       19098, 10925, 19125, 10981, 19195, 19198, 19193, 11039, 11050,
       19243, 19257, 11065, 19264, 11080, 19305, 11115, 19330, 19341,
       19344, 11155, 11189, 11217, 19414, 11222, 19441, 11265, 19462,
       11330, 19569, 11391, 11399, 11421, 11430, 11443, 10417, 11457,
       19658, 19683, 11501, 19691, 19720, 11528, 19814, 11640, 19864,
       19859, 11697, 19924, 11735, 11734, 19929, 11759, 11762, 11767,
       11794, 19995, 11811, 11842, 11916, 11944, 11949, 11973, 11993,
       12017, 12045, 12153, 12165, 12202, 12249, 12279, 12286, 12302,
       12310, 12341, 12347, 12359, 12366, 12380, 12389, 12410, 12440,
       12446, 12458, 12461, 12468, 12469, 12488, 12489, 12557, 12579,
       12596, 12626, 12652, 12658, 12707, 12718, 12759, 12807, 12830,
       12831, 12851, 12900, 12973, 12985, 13008, 13015, 13028, 13051,
       13054, 13055, 13091, 13106, 13127, 13146, 13163, 13175, 13226,
       13227, 13286, 13288, 13310, 13319, 13364, 13371, 13391, 13412,
       13542, 13580, 13585, 13608, 13620, 13632, 13634, 13682, 13691,
       13724, 13728, 13738, 13777, 13783, 13789, 13838, 13905, 13906,
       13908, 13920, 13925, 13965, 13967, 14014, 14018, 14081, 14085,
       14092, 14095, 14133, 14135, 14148, 14161, 14170, 14172, 14199,
       14215, 14223, 14228, 14233, 14300, 14321, 14358, 14369, 14372,
       14377, 14385, 14387, 14400, 14441, 14451, 14477, 14545, 14558,
       14565, 14597, 14598, 14629, 14656, 14691, 14704, 14714, 14717,
       14722, 14767, 14774, 14794, 14803, 14924, 14932, 14945, 14989,
       14990, 14996, 15019, 15080, 15112, 15117, 15130, 15132, 15142,
       15180, 15256, 15258, 15261, 15269, 15296, 15302, 15311, 15320,
       15361, 15362, 15376, 15398, 15424, 15456, 15458, 15513, 15525,
       15575, 15622, 15656, 15666, 15668, 15684, 15689, 15691, 15700,
       15702, 15748, 15787, 15790, 15812, 15886, 15907, 15915, 15916,
       15919, 15960, 15983, 16024, 16025, 16077, 16096, 16110, 16144,
       16146, 16216, 16239, 16297, 16306, 16352, 16355, 16369, 16383]+[18689, 11778, 12805, 15367, 18185, 10762, 13322, 11532, 13578, 14859, 14863, 11026, 19479, 13339, 15387, 12573, 17704, 15152, 15408, 15670, 12856, 12602, 13890, 12611, 10309, 19027, 14678, 11619, 11876, 10345, 17516, 17773, 11383, 11396, 11143, 12169, 12426, 18059, 10638, 18574, 13460, 11165, 13982, 17054, 19617, 16290, 17576, 19627, 18347, 13485, 16045, 12206, 14255, 10164, 16310, 15800, 15801, 18367, 16065, 11462, 18123, 10705, 10196, 11476, 11991, 19682, 14819, 16615, 11496, 14825, 16111, 11251, 13300, 15095]+[19850, 15248, 17683, 19221, 13344, 12203, 13612, 19247, 17072, 10932, 19637, 19514, 15290, 13500, 16830, 15550, 11201, 16581, 15815, 17737, 18006, 16473, 17372, 13666, 10467, 14052, 10214, 17512, 11245, 12653, 11630]+[11782, 18953, 11787, 18450, 11794, 19986, 13330, 19988, 11284, 13332, 12314, 10780, 11804, 19487, 17953, 12323, 13860, 16937, 10284, 16431, 10801, 18482, 15922, 17458, 12339, 12340, 13367, 14899, 11834, 16957, 15946, 17997, 19026, 19540, 19541, 12374, 19034, 19964, 17514, 15979, 19054, 14962, 13938, 18557, 11903, 17025, 13442, 19588, 12935, 16017, 15506, 10388, 12960, 10913, 13986, 12968, 10409, 19112, 19115, 13999, 18096, 10418, 15539, 16564, 10933, 12470, 10935, 17598, 14529, 14535, 10439, 17096, 19149, 15570, 13533, 19678, 18658, 19172, 10981, 18151, 18152, 19689, 14069, 12023, 15607, 16634, 12029, 12034, 18181, 14599, 14601, 16139, 12043, 14094, 11028, 19220, 10232, 12570, 11547, 16157, 18718, 10530, 17189, 13096, 12586, 18220, 13613, 18733, 10545, 10037, 16182, 10041, 19259, 17724, 15165, 10046, 17214, 15169, 19266, 14657, 18244, 13121, 19777, 11591, 13642, 10571, 13132, 19278, 17233, 13650, 11602, 15185, 18264, 11096, 19295, 19299, 12132, 17251, 10090, 12650, 19829, 15223, 18297, 11642, 17273, 18300, 12674, 17286, 10121, 11658, 14219, 10634, 17297, 16790, 14742, 13721, 18330, 19356, 17820, 12703, 12192, 14241, 18850, 18851, 11176, 13741, 13229, 16815, 14256, 16817, 13746, 12211, 13236, 13238, 14777, 11705, 13243, 18877, 11714, 13251, 14787, 17863, 15306, 11727, 17874, 18899, 14292, 12248, 18907, 14812, 17380, 19942, 16875, 13292, 16367, 16369, 12787, 12277, 10744, 17916]+[13313, 14338, 10243, 13826, 10245, 12293, 11780, 14853, 18950, 14854, 18443, 16908, 12301, 11278, 11279, 14353, 15891, 17428, 13843, 15893, 12311, 12312, 16410, 14363, 14874, 10781, 15902, 17951, 13344, 12320, 16418, 19491, 13348, 13854, 15905, 11303, 12832, 18473, 10282, 14379, 13867, 18477, 17454, 11311, 16939, 12850, 16435, 17460, 11317, 17973, 17463, 14392, 19513, 12854, 17975, 15925, 14399, 14403, 11333, 18508, 15437, 16975, 16464, 18000, 16977, 16467, 17494, 11863, 14424, 16473, 13405, 13406, 11869, 14942, 13922, 14435, 11874, 19048, 15978, 12906, 17003, 13424, 19570, 13049, 16505, 10876, 14461, 17024, 13954, 14470, 13958, 12425, 15499, 12939, 10894, 16527, 13456, 14991, 18062, 12945, 18580, 10897, 19092, 15000, 12442, 16028, 17053, 10401, 12449, 11941, 19622, 19110, 15532, 17069, 18607, 18608, 12977, 14518, 13495, 18104, 10426, 10427, 19644, 11962, 12991, 17087, 19137, 11458, 18119, 11464, 14024, 19145, 15050, 13003, 10957, 14033, 18645, 16598, 15062, 14044, 14045, 10463, 13023, 14561, 16099, 18147, 19690, 15083, 15601, 16114, 12019, 19700, 10996, 14582, 18678, 16632, 11512, 19189, 13563, 13564, 15094, 17662, 18686, 12024, 15096, 11002, 13050, 19202, 15106, 10502, 15109, 19205, 15626, 12555, 16652, 16138, 11021, 13583, 10512, 11537, 19215, 13587, 14100, 14613, 15637, 11029, 19228, 14622, 12574, 12063, 10019, 19240, 14123, 18734, 15663, 18223, 13105, 12595, 13623, 16696, 16700, 17212, 18242, 11587, 11589, 10565, 13638, 15690, 18250, 11596, 10572, 19788, 12623, 11084, 16212, 14680, 15705, 13147, 10594, 19299, 16740, 15205, 18790, 18792, 16746, 19306, 11116, 18294, 18807, 12664, 19321, 18811, 17787, 10111, 13698, 15234, 15236, 14212, 19334, 17800, 10633, 15241, 11662, 12686, 16783, 11150, 16271, 17811, 18836, 12693, 12177, 13205, 14744, 15769, 11160, 13209, 18844, 17306, 17822, 11169, 18342, 16298, 10668, 19886, 15279, 16303, 16817, 14257, 15282, 12724, 18869, 12726, 13239, 19383, 18364, 11197, 16316, 11201, 18372, 16837, 10181, 11720, 11723, 17868, 13263, 16337, 11221, 15324, 18914, 17378, 13284, 12260, 11241, 13290, 18411, 15343, 17391, 17393, 19958, 17401, 11260, 15357]+[12810, 14226, 19604, 19223, 10522, 14879, 12472, 19769, 13496, 11069, 15807, 11967, 19010, 16195, 11737, 14554, 17501, 15453, 10976, 11488, 19045, 10231, 15741]+[14338, 12292, 16394, 10252, 10265, 10280, 16427, 12338, 14386, 14403, 10319, 14423, 14424, 14435, 16492, 18546, 12408, 12420, 18578, 18580, 16533, 18607, 12472, 12473, 12480, 14539, 12493, 14554, 16621, 10492, 10495, 18692, 10502, 10508, 18704, 10512, 14613, 10522, 10528, 12577, 12582, 16694, 12615, 16719, 10577, 16731, 18790, 18793, 16746, 12655, 10615, 14716, 14724, 12678, 16775, 10631, 14736, 12693, 18837, 14744, 10656, 10657, 10659, 18853, 16812, 16817, 18895, 16848, 14802, 10708, 14813, 14815, 18916, 18921, 14828, 10737, 14836, 10757, 10761, 12810, 16907, 14869, 14879, 18977, 12850, 16953, 19010, 14917, 14948, 19045, 12906, 12909, 10870, 19076, 19078, 12939, 17052, 17053, 17069, 17087, 12995, 19141, 10949, 17100, 13021, 17119, 10976, 15082, 13050, 15103, 19202, 15109, 15113, 17164, 11025, 11029, 19223, 11038, 17201, 11069, 17222, 17227, 13135, 11116, 13172, 11136, 15234, 19331, 17284, 15236, 19338, 15248, 15250, 17306, 15260, 13213, 19366, 17328, 11186, 11193, 19400, 13263, 11221, 17372, 15332, 17391, 15343, 17393, 17407, 13315, 15366, 11278, 19485, 17445, 15405, 17454, 15409, 11317, 17467, 15420, 13378, 17485, 15437, 15441, 17495, 17501, 13405, 17503, 15453, 17505, 11369, 13423, 19570, 15479, 13450, 13456, 19604, 11422, 15532, 15542, 13496, 13498, 13505, 11464, 13521, 11478, 11488, 17635, 15587, 17641, 15595, 15598, 11504, 13556, 15604, 13563, 13564, 13569, 17666, 13575, 15626, 13588, 15637, 15642, 11553, 13606, 13612, 13623, 19769, 15673, 11585, 13638, 17735, 11596, 15705, 13662, 13688, 15738, 19835, 15741, 17799, 11662, 11669, 11670, 11671, 15769, 13752, 17850, 15807, 15815, 17868, 11737, 11750, 13805, 17905, 13817, 19962, 15867, 13826, 17923, 15881, 17931, 13849, 19996, 13854, 11818, 17965, 17973, 15934, 11845, 15953, 11872, 13921, 13922, 13934, 11887, 13945, 11902, 11904, 16011, 18061, 13966, 13991, 14001, 11967, 11969, 18128, 18130, 18132, 16102, 12024, 18187, 18203, 16156, 14110, 10015, 16160, 18225, 16177, 12082, 16181, 16185, 16195, 10058, 18268, 10085, 12135, 18281, 18299, 16251, 12156, 10111, 14212, 10117, 16267, 18316, 14226, 18325, 10136, 12196, 10150, 18350, 16303, 12212, 16315, 18369, 10192, 10205, 10214, 14323, 12276, 10231, 16380]+[16436, 16929, 17032, 17426, 17582, 17600, 17708, 17843, 18044, 18175, 10126, 18334, 10314, 18627, 10447, 18826, 18849, 18852, 10675, 18870, 18892, 10829, 19181, 19187, 11120, 11135, 19370, 11301, 11334, 11450, 19676, 11584, 11661, 19917, 11725, 19989, 11866, 11957, 12145, 12197, 12490, 12651, 12769, 12915, 13078, 13107, 13193, 13206, 13402, 13439, 13472, 13593, 13762, 13779, 13862, 14032, 14153, 14278, 14413, 14903, 15004, 15051, 15065, 15087, 15188, 15204, 15629, 15951, 16067, 16106, 16284]+[16391, 16393, 16419, 16424, 16428, 16433, 12337, 12376, 16476, 16488, 12398, 16498, 12422, 16550, 12500, 12501, 16618, 16630, 16631, 12571, 16674, 12581, 16678, 16708, 16717, 16733, 12638, 12644, 16750, 16776, 16823, 12729, 12735, 12749, 12764, 12765, 16902, 12823, 12847, 16952, 12889, 16986, 12891, 12902, 17005, 12912, 12927, 12930, 12950, 17066, 12975, 12979, 12982, 17089, 12998, 13009, 13011, 17109, 13030, 13036, 13080, 17236, 17282, 13204, 13208, 17314, 17347, 13271, 17368, 13317, 13328, 13334, 17439, 17443, 13350, 13372, 13377, 13382, 13415, 17522, 17535, 17556, 17561, 17625, 17637, 13553, 13573, 17692, 13605, 13610, 13621, 17725, 17756, 17768, 13683, 13686, 13687, 17798, 17816, 13778, 13801, 13813, 17938, 13878, 13897, 17996, 18024, 13943, 13948, 13985, 18087, 13990, 18100, 18105, 18176, 14084, 10000, 10002, 10004, 14098, 10018, 18233, 18234, 14143, 14166, 18273, 14180, 10146, 18340, 18356, 14261, 18358, 18377, 10194, 18395, 10204, 10215, 10221, 14325, 10240, 14348, 18445, 14356, 14368, 14395, 18512, 10321, 18524, 14431, 18548, 14456, 18553, 14474, 18585, 10397, 14496, 14508, 18609, 10430, 14559, 10469, 18664, 18671, 14578, 10494, 10500, 10513, 10514, 18723, 14631, 10539, 18753, 10561, 18761, 18787, 14706, 18803, 10625, 10630, 18823, 14732, 14745, 14764, 10672, 18881, 14785, 14792, 18894, 10711, 14824, 10740, 18946, 18948, 14857, 14858, 14860, 10777, 10778, 10790, 10807, 14914, 10863, 10873, 14968, 14971, 10911, 15008, 10921, 10927, 19143, 15048, 10955, 19161, 15067, 15093, 19203, 15135, 11040, 15140, 15141, 15161, 11066, 19267, 15184, 11093, 19288, 19290, 11098, 15195, 15196, 11107, 11113, 15222, 11149, 11151, 19372, 11179, 11182, 15288, 11199, 19396, 11210, 11218, 15314, 11226, 19420, 19422, 19442, 15355, 15358, 15375, 19482, 11308, 15410, 15416, 15438, 19548, 19553, 11362, 15452, 11397, 11404, 19597, 15500, 19653, 15559, 11480, 19694, 11536, 15655, 11570, 11572, 15692, 19789, 11605, 11608, 15708, 15710, 15715, 19818, 11626, 19831, 15745, 19857, 15764, 15772, 15786, 19888, 19895, 15803, 19911, 15817, 15819, 15821, 11746, 11753, 19955, 19966, 15887, 11796, 19990, 15928, 11846, 15961, 15972, 11886, 15995, 11907, 11917, 11928, 11935, 16069, 11984, 11986, 16171, 12083, 12089, 16200, 12122, 12157, 16257, 16259, 12193, 16300, 12205, 16304, 12218, 12222, 16323, 16325, 16326, 16348]+[12185]
其中:
manger为经过所有活动现场(展厅/主分会场都去过)的员工
manager=[19007, 13691, 13612, 15893, 13854, 13922, 16099, 17662, 12024, 13623, 11589, 16271, 17822, 13239, 12260, 14226, 12472, 11069, 15807, 16195, 11737, 14554, 11488, 12292, 10265, 12338, 12472, 12473, 14539, 14554, 18692, 12577, 10577, 10657, 16812, 10708, 14813, 18921, 16907, 14917, 12909, 19078, 17052, 17119, 15103, 11038, 11069, 11136, 19338, 13213, 15332, 15405, 15420, 17485, 13423, 13450, 15542, 13505, 11478, 11488, 13575, 11553, 13612, 13623, 17735, 13662, 13688, 11669, 15807, 11737, 11750, 15881, 13854, 15953, 13922, 13934, 11902, 16011, 12024, 10015, 16160, 16195, 18268, 16251, 14226, 10150, 16315, 12276, 16380, 16433, 16630, 12982, 17236, 13415, 17637, 17938, 17996, 13948, 10002, 18233, 14166, 14496, 10513, 14732, 14785, 11199, 19653, 11536, 15710, 16257, 16348]
ordinary worker:
[12293, 16391, 16393, 16394, 12301, 12302, 12310, 12311, 12312, 16410, 12314, 12320, 16418, 16419, 12323, 16424, 16427, 16428, 16431, 12337, 16435, 16436, 12339, 12340, 12341, 12347, 12359, 12366, 16464, 16467, 12374, 12376, 16473, 16476, 12380, 16479, 12389, 16488, 16492, 12398, 16498, 12408, 16505, 12410, 16508, 16513, 16515, 12420, 12422, 12425, 12426, 16527, 16528, 16533, 12440, 12442, 16542, 12446, 16544, 12449, 16550, 12458, 12461, 16559, 16564, 16565, 12468, 12469, 12470, 16573, 16575, 12480, 16581, 12488, 12489, 12490, 12493, 12500, 12501, 16598, 16615, 16618, 16621, 16631, 16632, 16634, 16635, 16646, 16649, 12555, 16652, 12557, 12570, 12571, 12573, 12574, 16674, 12579, 12581, 16678, 12582, 12586, 12595, 12596, 16694, 16696, 12602, 16700, 12611, 16708, 12615, 16717, 16719, 12623, 12626, 16726, 16731, 16733, 12638, 16740, 12644, 16746, 12650, 12651, 12652, 16750, 12653, 12655, 12658, 12664, 12674, 12678, 16775, 16776, 16778, 12686, 16783, 16787, 12693, 16790, 16799, 12703, 12707, 12718, 16815, 16817, 12724, 12726, 16823, 12729, 16830, 12735, 16837, 12749, 16846, 16848, 16849, 16852, 12759, 12764, 12765, 12769, 16873, 16875, 12787, 12805, 16902, 12807, 12810, 16908, 16910, 16916, 12823, 12830, 12831, 12832, 16929, 16937, 16939, 12847, 12850, 12851, 12854, 16952, 16953, 12856, 16957, 16975, 16977, 12889, 16986, 12891, 12900, 12902, 12906, 17003, 17005, 12912, 12915, 17019, 12927, 17024, 17025, 12930, 12935, 17032, 12939, 17041, 12945, 12950, 17051, 17053, 17054, 12960, 12968, 17066, 17069, 12973, 12975, 17072, 12977, 17074, 12979, 12985, 17086, 17087, 12991, 17089, 12995, 17092, 17093, 12998, 17096, 13003, 17100, 13008, 13009, 13011, 17109, 13015, 13021, 13023, 17122, 17124, 13028, 13030, 13036, 17139, 13049, 13050, 13051, 13054, 13055, 17152, 17158, 17164, 13078, 17175, 13080, 13091, 17189, 13096, 17201, 13105, 13106, 13107, 17212, 17214, 17216, 13121, 17222, 13127, 17227, 13132, 13135, 17233, 13146, 13147, 17245, 17249, 17251, 13163, 17262, 17266, 13172, 13175, 17273, 17282, 17284, 17286, 13193, 17295, 17297, 13204, 13205, 13206, 13208, 13209, 17306, 17309, 17314, 17316, 13226, 13227, 13229, 17328, 13236, 13238, 13243, 17341, 17347, 13251, 13263, 13271, 17368, 17372, 17378, 17380, 13284, 13286, 13288, 13290, 13292, 17391, 17393, 13300, 17401, 13310, 17407, 13313, 13315, 13317, 13319, 13322, 13328, 17426, 13330, 17428, 13332, 13334, 13339, 17438, 17439, 13344, 17443, 17444, 17445, 13348, 13350, 17454, 17458, 17460, 13364, 17463, 13367, 17467, 13371, 13372, 13377, 13378, 13382, 13391, 17494, 17495, 13402, 17501, 13405, 17503, 13406, 17505, 13412, 17512, 17514, 17516, 13424, 17522, 17524, 17535, 13439, 13442, 13456, 17556, 13460, 17561, 13472, 17575, 17576, 17578, 17579, 13485, 17582, 13495, 13496, 13498, 13500, 17598, 17600, 17614, 13521, 17625, 13533, 17631, 17635, 13542, 17641, 17647, 13553, 17651, 13556, 13563, 13564, 17661, 13569, 17666, 13573, 13578, 13580, 13583, 13585, 17683, 13587, 13588, 13593, 17692, 17696, 13605, 13606, 17704, 13608, 13610, 17708, 13613, 13620, 13621, 17724, 17725, 13632, 13634, 17731, 13638, 17737, 13642, 13650, 17756, 13666, 17768, 17773, 17776, 13682, 13683, 13686, 13687, 17787, 17789, 17793, 13698, 17798, 17799, 17800, 17801, 17802, 17811, 17816, 13721, 17820, 17821, 13724, 13728, 13738, 17835, 13741, 13746, 17843, 13752, 17850, 17854, 13762, 17863, 17868, 13777, 17874, 13778, 13779, 13783, 13789, 17889, 17891, 13801, 13805, 17903, 17905, 13813, 13817, 17915, 17916, 13826, 17923, 17931, 13838, 13843, 13849, 17951, 17953, 13860, 13862, 13867, 17965, 17968, 17973, 13878, 17975, 13890, 13897, 17997, 17999, 18000, 13905, 13906, 13908, 18006, 18014, 13920, 13921, 13925, 18024, 13938, 18039, 18040, 13943, 13945, 18044, 18046, 13954, 13958, 18056, 18059, 18061, 18062, 13965, 13966, 13967, 18077, 13982, 13985, 13986, 13990, 18087, 13991, 13999, 18096, 14001, 18100, 18104, 18105, 14014, 14018, 18119, 14024, 18123, 18128, 14032, 18130, 14033, 18132, 14044, 14045, 18147, 18148, 14052, 18151, 18152, 14069, 18172, 18174, 18175, 18176, 14081, 14084, 18181, 14085, 18185, 18186, 18187, 14092, 14094, 14095, 10000, 14098, 10004, 14100, 18200, 18203, 18206, 14110, 10018, 10019, 10023, 14123, 18220, 18223, 18225, 10037, 14133, 14135, 10041, 10043, 18234, 18237, 10046, 14143, 10050, 18242, 18244, 14148, 14153, 18250, 10058, 10060, 14161, 18260, 10068, 18264, 14170, 14172, 10080, 18273, 14180, 10085, 10088, 18281, 10090, 18294, 14199, 18297, 18299, 18300, 10111, 10112, 14212, 10117, 14215, 10121, 14219, 18316, 18318, 18319, 10126, 14223, 14228, 18325, 10135, 10136, 14233, 18330, 18334, 14241, 10146, 18340, 18342, 18347, 18350, 14255, 14256, 14257, 18355, 10164, 18356, 18358, 14261, 18364, 18366, 18367, 18369, 18372, 10181, 14278, 18377, 18380, 10192, 18385, 10194, 10196, 14292, 18395, 10204, 10205, 14300, 10214, 10215, 10217, 18411, 10221, 14321, 14323, 14325, 10231, 10232, 18426, 18431, 10240, 14338, 10243, 10245, 18441, 18443, 10252, 18445, 14348, 14353, 18450, 14356, 14358, 14363, 14368, 14369, 10275, 14372, 10280, 18473, 10282, 14377, 10284, 18477, 14379, 14385, 18482, 14386, 14387, 14392, 14395, 10301, 14399, 14400, 10305, 14403, 10309, 10314, 18508, 14413, 10319, 18512, 10321, 18514, 18518, 14423, 14424, 18524, 18525, 14431, 10339, 14435, 10345, 14441, 18546, 14451, 18548, 14456, 18553, 18557, 18558, 14461, 18562, 14470, 14474, 18572, 14477, 18574, 18578, 10388, 18580, 18585, 18586, 10397, 10401, 18597, 10409, 14508, 18607, 18608, 10417, 10418, 18609, 14518, 18618, 10426, 10427, 10430, 14529, 18627, 10437, 10439, 10440, 18632, 14535, 10447, 14545, 18645, 10455, 10457, 10462, 10463, 14558, 14559, 18658, 10467, 14561, 10469, 14565, 18664, 18671, 14578, 18678, 14582, 18680, 10490, 10492, 18686, 10495, 10494, 18689, 10498, 10500, 10502, 14597, 14598, 14599, 14601, 10508, 18702, 10512, 18704, 10514, 14613, 10522, 18718, 14622, 10528, 10530, 18723, 14629, 14631, 10539, 18733, 18734, 10545, 18740, 14656, 18753, 10561, 14657, 10565, 18761, 10571, 10572, 14678, 14680, 10594, 18787, 18788, 14691, 18790, 18792, 18793, 10604, 10606, 14704, 14706, 18803, 18807, 10615, 14714, 18811, 14716, 14717, 10625, 18818, 18819, 14722, 14724, 10630, 10631, 18823, 10633, 10634, 18827, 18826, 18830, 10639, 10638, 14736, 18836, 18837, 14742, 10648, 14744, 18842, 14745, 18844, 10656, 18850, 18851, 10659, 18853, 18849, 18852, 10668, 14764, 10670, 14767, 10672, 10675, 18869, 18870, 14774, 18873, 14777, 18877, 18881, 14787, 10693, 18887, 14792, 14794, 18892, 18894, 18895, 10705, 14802, 18899, 14803, 10711, 10714, 18907, 14812, 14815, 10720, 18914, 14819, 10724, 18916, 14824, 14825, 14828, 10737, 10740, 14836, 10744, 18944, 10754, 18946, 18948, 10757, 18950, 14853, 14854, 18953, 10762, 10761, 14857, 14858, 18958, 14859, 14860, 14863, 10771, 14869, 10777, 10778, 10779, 10780, 10781, 14874, 14879, 18977, 18979, 18980, 10790, 10801, 10803, 14899, 10807, 14903, 19010, 14914, 19015, 14924, 10829, 19026, 19027, 14932, 10837, 19034, 14942, 14945, 14948, 19045, 19048, 19054, 10863, 19056, 14962, 10870, 14968, 10873, 14971, 19068, 10876, 19076, 14989, 10894, 14990, 14991, 10897, 19092, 14996, 10903, 15000, 19098, 15004, 10911, 15008, 10913, 19110, 19112, 10921, 19115, 15019, 10925, 10927, 10932, 19125, 10933, 10935, 19137, 19141, 10949, 19143, 15048, 19145, 15050, 10955, 15051, 19149, 10957, 15062, 19161, 15065, 15067, 10976, 19172, 10981, 15080, 15082, 15083, 19181, 15087, 19187, 10996, 19189, 15093, 15094, 15095, 19193, 11002, 19195, 15096, 19198, 19202, 19203, 15106, 19205, 15109, 15112, 15113, 11021, 15117, 19215, 11025, 11026, 11028, 19221, 19220, 11029, 19223, 15130, 19228, 15132, 11039, 11040, 15135, 15140, 15141, 15142, 19240, 11050, 19243, 19247, 15152, 19257, 11065, 19259, 11066, 15161, 15165, 19264, 15169, 19266, 19267, 11080, 11084, 15180, 19278, 15184, 15185, 15188, 11093, 11096, 19288, 19290, 11098, 15195, 15196, 19295, 19299, 11107, 15204, 15205, 19305, 19306, 11115, 11116, 11113, 11120, 15222, 15223, 19321, 11135, 19330, 19331, 15234, 15236, 19334, 11143, 15241, 19341, 11150, 11149, 19344, 11151, 15248, 11155, 15250, 11160, 15256, 15258, 19356, 11165, 15260, 15261, 11169, 15269, 19366, 11176, 19370, 11179, 19372, 11182, 15279, 11186, 15282, 11189, 19383, 15288, 11193, 15290, 11197, 15296, 11201, 19396, 15302, 19400, 11210, 15306, 15311, 11217, 11218, 15314, 11221, 19414, 11222, 15320, 11226, 19420, 15324, 19422, 11241, 11245, 15343, 19441, 19442, 11251, 15355, 11260, 15357, 15358, 11265, 15361, 15362, 19462, 15366, 15367, 11278, 11279, 15375, 15376, 11284, 19479, 19482, 15387, 19485, 19487, 19491, 11301, 15398, 11303, 11308, 11311, 15408, 15409, 15410, 11317, 15416, 19513, 19514, 15424, 11330, 11333, 11334, 15437, 15438, 15441, 19540, 19541, 19548, 15452, 15453, 15456, 19553, 11362, 15458, 11369, 19569, 19570, 11383, 15479, 11391, 11396, 19588, 11397, 11399, 15499, 11404, 19597, 15500, 15506, 19604, 15513, 11421, 11422, 19617, 15525, 11430, 19622, 19627, 15532, 11443, 15539, 19637, 11450, 19644, 15550, 11457, 11458, 11462, 15559, 11464, 19658, 15570, 11476, 15575, 11480, 19676, 19678, 19682, 19683, 15587, 11496, 19689, 19690, 19691, 15595, 11501, 19694, 15598, 11504, 15601, 19700, 15604, 15607, 11512, 15622, 19720, 11528, 15626, 11532, 15629, 11537, 15637, 15642, 11547, 15655, 15656, 15663, 11570, 15666, 11572, 15668, 15670, 19769, 15673, 11584, 11585, 19777, 11587, 15684, 11591, 15689, 15690, 15691, 11596, 19788, 19789, 15692, 11602, 15700, 11605, 15702, 11608, 15705, 15708, 11619, 15715, 19814, 19818, 11626, 11630, 19829, 19831, 11640, 11642, 19835, 15738, 15741, 15745, 15748, 19850, 11658, 11661, 11662, 19857, 19859, 15764, 11670, 11671, 19864, 15769, 15772, 15786, 15787, 19886, 15790, 19888, 11697, 19895, 15800, 11705, 15801, 15803, 11714, 15812, 19911, 11720, 15815, 15817, 11723, 15819, 19917, 11725, 11727, 15821, 19924, 11734, 11735, 19929, 11746, 19942, 11753, 11759, 11762, 19955, 19958, 11767, 19962, 15867, 19964, 19966, 11778, 11780, 11782, 11787, 15886, 15887, 11794, 19986, 19988, 19989, 11796, 19990, 15891, 19995, 11804, 19996, 15902, 15905, 11811, 15907, 11818, 15915, 15916, 15919, 15922, 15925, 15928, 11834, 15934, 11842, 11845, 11846, 15946, 15951, 11863, 15960, 15961, 11866, 11869, 11872, 11874, 11876, 15972, 15978, 15979, 11886, 11887, 15983, 15995, 11903, 11904, 11907, 11916, 11917, 16017, 11928, 16024, 16025, 16028, 11935, 11941, 11944, 11949, 16045, 11957, 11962, 11967, 11969, 16065, 16067, 11973, 16069, 16077, 11984, 11986, 11991, 11993, 16096, 16102, 16106, 16110, 16111, 12017, 16114, 12019, 12023, 12029, 12034, 16138, 12043, 16139, 12045, 16144, 16146, 16156, 16157, 12063, 16171, 16177, 12082, 12083, 16181, 16182, 12089, 16185, 16200, 16212, 16216, 12122, 12132, 12135, 16239, 12145, 12153, 12156, 12157, 16259, 12165, 12169, 16267, 12177, 12185, 16284, 12192, 12193, 16290, 12196, 12197, 16297, 12202, 12203, 16298, 12205, 12206, 16300, 16303, 16304, 16306, 12211, 12212, 16310, 12218, 16316, 12222, 16323, 16325, 16326, 16337, 12248, 12249, 16352, 16355, 16367, 16369, 12277, 12279, 12286, 16383]
--------------------------------------------------------------------------------
attendee:
①曾经过主会场中央且剔除掉之前判定过的工作人员
②在同一天经过不止一种活动现场(如:第一天既进入了展厅又进入了主会场活动)且剔除掉之前判定过的工作人员
③三天内去过的活动现场种类数>=2(如及去过A又去过B)且从未去过room2/5/6等员工开会或休息的地方
[16392, 16394, 16400, 16409, 16421, 16425, 16427, 16429, 16432, 16442, 16453, 16466, 16469, 16470, 16491, 16492, 16493, 16500, 16524, 16533, 16535, 16536, 16543, 16545, 16548, 16556, 16563, 16571, 16576, 16578, 16584, 16586, 16587, 16590, 16591, 16593, 16601, 16608, 16621, 16633, 16653, 16660, 16670, 16672, 16676, 16682, 16687, 16694, 16695, 16705, 16711, 16719, 16731, 16732, 16734, 16737, 16738, 16743, 16747, 16757, 16758, 16759, 16760, 16765, 16769, 16773, 16775, 16777, 16789, 16796, 16802, 16804, 16810, 16811, 16812, 16822, 16825, 16829, 16831, 16832, 16842, 16848, 16851, 16858, 16862, 16871, 16872, 16879, 16885, 16888, 16894, 16896, 16907, 16911, 16913, 16920, 16921, 16923, 16930, 16933, 16936, 16938, 16946, 16953, 16960, 16964, 16965, 16967, 16971, 16979, 16983, 16987, 16996, 17002, 17006, 17007, 17009, 17011, 17013, 17023, 17030, 17037, 17045, 17049, 17052, 17057, 17059, 17063, 17077, 17081, 17100, 17105, 17106, 17110, 17112, 17116, 17119, 17121, 17132, 17137, 17145, 17149, 17151, 17154, 17159, 17163, 17164, 17169, 17171, 17173, 17179, 17183, 17191, 17195, 17196, 17201, 17204, 17208, 17209, 17222, 17227, 17228, 17235, 17238, 17239, 17242, 17257, 17259, 17261, 17281, 17284, 17291, 17292, 17294, 17304, 17318, 17319, 17320, 17321, 17324, 17325, 17327, 17328, 17336, 17344, 17353, 17355, 17361, 17371, 17375, 17382, 17385, 17396, 17398, 17407, 17415, 17419, 17421, 17432, 17435, 17445, 17467, 17483, 17485, 17487, 17495, 17497, 17503, 17505, 17519, 17527, 17533, 17534, 17538, 17548, 17551, 17557, 17559, 17565, 17573, 17584, 17591, 17595, 17603, 17604, 17616, 17618, 17623, 17628, 17633, 17635, 17636, 17640, 17641, 17652, 17666, 17668, 17680, 17703, 17711, 17714, 17716, 17718, 17733, 17735, 17740, 17744, 17749, 17750, 17759, 17761, 17763, 17765, 17770, 17771, 17778, 17791, 17792, 17796, 17799, 17814, 17815, 17818, 17826, 17829, 17850, 17852, 17860, 17865, 17866, 17870, 17873, 17875, 17886, 17890, 17893, 17901, 17902, 17905, 17908, 17913, 17914, 17921, 17923, 17925, 17930, 17931, 17942, 17943, 17947, 17949, 17952, 17960, 17961, 17964, 17965, 17967, 17989, 17993, 17998, 18007, 18008, 18033, 18037, 18038, 18047, 18048, 18050, 18057, 18058, 18061, 18072, 18079, 18116, 18127, 18128, 18130, 18132, 18135, 18138, 18140, 18145, 18154, 18158, 18161, 18162, 18165, 18169, 18170, 18171, 18187, 18189, 18193, 10003, 18203, 10012, 18204, 10014, 10015, 18208, 10021, 10022, 18214, 10026, 10027, 18225, 18226, 18232, 18236, 10045, 10049, 10051, 18243, 10053, 18248, 10056, 10058, 18255, 18256, 18258, 18262, 18265, 18268, 10077, 18271, 10082, 10083, 10084, 10085, 18274, 18275, 18280, 18281, 10094, 18287, 18289, 18292, 10101, 18299, 10107, 10115, 10117, 18310, 18311, 18315, 10123, 18316, 10127, 18320, 18325, 10134, 18326, 10136, 18328, 18335, 10143, 10145, 10150, 10151, 10152, 18343, 18348, 18350, 18352, 10160, 10162, 10163, 18357, 18359, 10167, 10170, 10172, 18365, 18369, 10178, 18374, 10182, 18375, 10185, 18379, 10192, 18387, 18388, 18392, 10201, 10205, 10206, 18401, 10216, 18413, 10225, 18422, 10233, 18427, 18428, 18432, 18433, 18438, 10249, 18442, 10252, 18447, 10256, 10264, 18457, 10265, 10271, 10272, 18465, 18468, 10280, 18476, 18483, 10292, 10293, 18486, 10295, 18489, 10298, 18491, 18499, 18506, 10317, 10319, 10324, 10325, 18519, 10329, 18523, 10331, 10334, 18536, 18538, 10349, 18546, 18549, 10362, 18556, 10367, 18564, 10373, 10374, 10375, 10383, 18575, 18578, 18581, 18583, 18584, 10394, 18588, 18592, 10402, 18595, 18596, 10404, 10408, 18601, 18603, 18604, 10413, 10415, 10419, 10420, 18613, 18616, 10425, 18625, 18626, 18640, 10449, 10452, 18651, 18653, 10461, 18656, 10473, 18667, 10479, 10482, 10484, 10492, 18685, 18684, 10495, 18687, 18690, 18692, 18695, 18698, 10508, 18701, 10511, 18704, 18705, 18707, 18708, 10517, 10516, 10518, 18714, 10526, 10528, 10529, 10532, 18727, 18730, 10540, 10546, 18738, 18741, 10551, 18744, 18745, 18747, 18751, 18756, 10564, 10567, 18762, 18766, 10577, 18770, 10579, 18780, 18786, 18793, 10603, 18800, 10608, 18801, 10609, 10615, 18812, 10620, 10621, 10628, 10629, 18822, 10631, 10643, 18837, 18838, 18839, 10649, 18848, 10657, 10656, 10659, 10660, 18853, 10661, 10666, 10669, 18865, 18866, 18868, 10680, 10683, 10685, 18882, 10698, 10701, 18895, 10704, 10708, 18902, 18903, 10713, 18912, 10721, 18916, 10725, 18921, 10737, 18930, 18933, 10750, 10757, 10758, 10761, 18954, 18956, 10766, 18964, 10772, 10774, 18968, 18974, 10785, 18977, 10791, 18996, 10804, 10812, 10817, 10818, 19011, 19012, 19009, 10821, 10826, 19019, 19022, 10830, 10835, 10836, 19031, 19036, 10854, 10855, 10858, 19051, 10861, 10865, 10870, 19063, 10879, 10880, 19072, 10882, 10884, 19076, 19078, 19079, 10887, 19082, 10891, 19083, 19085, 19089, 19090, 19095, 19097, 19104, 19106, 19107, 10918, 10930, 10931, 10936, 10937, 19131, 10941, 10943, 19141, 10949, 10961, 19155, 19157, 10967, 10969, 19165, 10975, 10977, 19171, 19173, 10982, 10983, 10984, 10985, 10986, 19182, 10993, 10997, 19190, 19192, 11001, 19196, 11009, 19204, 19209, 11023, 11025, 19218, 19222, 11032, 19224, 11033, 11035, 11038, 19230, 19231, 19232, 19236, 19237, 19238, 11046, 11044, 11056, 19254, 19255, 11068, 19261, 19265, 19269, 19275, 11083, 11085, 11089, 11091, 11097, 19310, 19315, 11123, 11129, 19322, 19326, 11136, 11138, 19331, 11144, 19338, 19339, 19345, 11153, 11154, 19347, 11166, 19362, 11171, 11172, 19364, 19365, 11170, 19366, 19363, 11186, 11191, 11192, 11193, 19387, 19394, 11203, 11206, 19399, 19400, 19401, 11209, 19403, 19402, 11213, 19407, 11216, 19409, 11219, 19415, 19416, 19423, 11232, 11231, 11234, 19427, 19425, 19431, 11242, 19443, 19444, 19445, 11252, 11253, 11257, 11261, 11262, 11267, 11269, 11275, 19469, 19472, 19475, 11292, 19485, 11296, 11297, 11314, 19507, 11320, 19512, 11328, 11331, 19525, 19527, 19528, 11339, 11341, 19536, 11347, 11354, 11355, 11359, 19554, 11364, 19557, 19556, 19559, 11369, 11372, 11378, 19574, 11388, 19594, 19601, 11414, 19608, 11420, 19612, 11422, 11424, 11426, 11431, 19623, 19625, 11433, 11437, 19632, 19635, 11444, 11452, 19645, 11453, 19652, 11460, 19655, 19659, 19669, 11478, 19670, 19675, 11486, 19684, 11492, 11493, 11495, 19688, 11498, 11502, 11504, 11516, 19709, 19714, 11523, 19716, 11522, 11526, 11525, 19722, 11533, 19726, 19727, 11535, 11534, 19731, 19737, 11550, 11553, 19746, 11560, 19754, 19756, 19761, 11576, 19776, 11585, 11586, 19779, 19784, 11597, 11598, 19799, 19802, 11612, 19807, 19810, 19813, 11622, 11628, 19823, 11632, 11637, 11641, 19835, 19838, 19839, 19842, 11651, 11652, 11655, 11656, 11663, 19860, 11669, 11670, 11671, 11672, 19874, 11683, 11686, 19878, 11688, 11690, 11691, 19882, 11693, 11699, 11704, 19897, 19903, 11712, 19907, 19908, 11718, 19914, 19916, 11726, 19925, 11738, 11740, 19933, 11743, 19938, 11750, 11752, 19948, 11760, 11761, 19961, 19962, 11772, 19965, 19969, 11783, 19982, 11792, 19992, 11801, 11802, 19993, 11803, 11805, 19996, 11808, 11809, 11818, 11819, 11836, 11840, 11843, 11845, 11847, 11850, 11853, 11864, 11868, 11872, 11887, 11889, 11894, 11901, 11902, 11904, 11919, 11923, 11930, 11934, 11938, 11945, 11946, 11950, 11955, 11958, 11966, 11969, 11974, 11977, 11978, 11979, 11988, 11994, 12016, 12028, 12032, 12036, 12042, 12044, 12052, 12056, 12075, 12082, 12090, 12099, 12102, 12105, 12107, 12111, 12121, 12128, 12135, 12141, 12156, 12158, 12160, 12176, 12181, 12183, 12184, 12186, 12188, 12194, 12195, 12196, 12212, 12224, 12228, 12229, 12241, 12252, 12257, 12269, 12273, 12276, 12287, 12292, 12305, 12324, 12325, 12326, 12328, 12332, 12338, 12355, 12357, 12372, 12373, 12375, 12383, 12387, 12394, 12396, 12401, 12403, 12404, 12405, 12406, 12407, 12408, 12413, 12420, 12429, 12434, 12436, 12439, 12443, 12444, 12445, 12447, 12457, 12463, 12473, 12474, 12480, 12486, 12492, 12493, 12496, 12504, 12509, 12513, 12517, 12523, 12524, 12527, 12528, 12534, 12536, 12543, 12548, 12551, 12554, 12563, 12564, 12568, 12576, 12577, 12582, 12583, 12590, 12593, 12601, 12603, 12604, 12612, 12615, 12620, 12622, 12624, 12625, 12629, 12630, 12643, 12646, 12655, 12668, 12669, 12672, 12678, 12679, 12702, 12704, 12716, 12719, 12721, 12727, 12739, 12745, 12748, 12750, 12752, 12758, 12761, 12766, 12767, 12771, 12775, 12776, 12779, 12781, 12804, 12809, 12811, 12813, 12815, 12820, 12840, 12842, 12843, 12849, 12857, 12864, 12866, 12868, 12886, 12888, 12894, 12909, 12914, 12917, 12924, 12925, 12929, 12937, 12948, 12953, 12972, 12974, 12976, 12984, 12986, 12995, 12997, 13005, 13007, 13019, 13021, 13022, 13024, 13032, 13038, 13039, 13041, 13044, 13065, 13072, 13085, 13092, 13099, 13115, 13122, 13131, 13135, 13152, 13154, 13155, 13159, 13165, 13169, 13172, 13178, 13181, 13207, 13212, 13213, 13215, 13218, 13219, 13223, 13224, 13233, 13245, 13247, 13248, 13252, 13253, 13257, 13272, 13279, 13283, 13304, 13308, 13315, 13326, 13333, 13335, 13337, 13341, 13342, 13347, 13351, 13355, 13358, 13359, 13363, 13369, 13370, 13376, 13378, 13386, 13387, 13388, 13408, 13409, 13411, 13416, 13420, 13423, 13428, 13434, 13435, 13436, 13440, 13441, 13448, 13450, 13453, 13457, 13470, 13473, 13481, 13484, 13491, 13498, 13504, 13505, 13508, 13510, 13512, 13515, 13516, 13517, 13518, 13521, 13535, 13537, 13544, 13547, 13549, 13551, 13556, 13557, 13558, 13562, 13569, 13571, 13575, 13588, 13589, 13591, 13594, 13599, 13603, 13606, 13615, 13618, 13619, 13627, 13630, 13635, 13637, 13647, 13658, 13662, 13663, 13667, 13680, 13688, 13693, 13702, 13714, 13735, 13744, 13747, 13752, 13763, 13770, 13781, 13786, 13794, 13797, 13804, 13805, 13817, 13820, 13828, 13849, 13869, 13872, 13873, 13880, 13884, 13888, 13901, 13903, 13921, 13924, 13929, 13934, 13935, 13936, 13939, 13945, 13947, 13951, 13959, 13963, 13966, 13970, 13977, 13987, 13991, 14001, 14002, 14021, 14022, 14034, 14041, 14043, 14047, 14048, 14056, 14062, 14075, 14077, 14090, 14091, 14101, 14104, 14110, 14113, 14115, 14116, 14121, 14124, 14130, 14132, 14144, 14146, 14154, 14158, 14165, 14179, 14188, 14196, 14200, 14205, 14213, 14214, 14218, 14224, 14231, 14236, 14249, 14263, 14276, 14280, 14288, 14303, 14306, 14323, 14326, 14336, 14340, 14352, 14370, 14373, 14383, 14386, 14391, 14393, 14396, 14408, 14411, 14420, 14423, 14427, 14443, 14444, 14445, 14448, 14464, 14468, 14473, 14476, 14487, 14501, 14506, 14514, 14516, 14517, 14520, 14528, 14533, 14539, 14543, 14544, 14546, 14548, 14556, 14557, 14566, 14571, 14573, 14576, 14577, 14584, 14589, 14592, 14593, 14600, 14607, 14611, 14612, 14616, 14617, 14628, 14641, 14646, 14649, 14651, 14664, 14672, 14676, 14677, 14687, 14712, 14715, 14716, 14721, 14724, 14726, 14736, 14739, 14740, 14741, 14752, 14766, 14773, 14779, 14781, 14783, 14790, 14800, 14802, 14806, 14813, 14815, 14828, 14833, 14835, 14836, 14855, 14866, 14868, 14869, 14870, 14876, 14878, 14884, 14894, 14911, 14916, 14917, 14926, 14928, 14930, 14940, 14948, 14951, 14959, 14973, 14983, 14987, 14992, 14998, 15006, 15011, 15015, 15023, 15025, 15026, 15027, 15028, 15030, 15044, 15049, 15055, 15058, 15061, 15074, 15079, 15081, 15082, 15097, 15103, 15110, 15113, 15115, 15116, 15120, 15121, 15136, 15145, 15154, 15156, 15166, 15187, 15189, 15194, 15198, 15199, 15214, 15232, 15235, 15238, 15247, 15250, 15254, 15260, 15271, 15275, 15277, 15291, 15293, 15295, 15298, 15301, 15303, 15309, 15323, 15327, 15329, 15330, 15332, 15337, 15341, 15342, 15345, 15347, 15348, 15352, 15366, 15370, 15371, 15379, 15381, 15393, 15394, 15401, 15405, 15407, 15409, 15420, 15429, 15431, 15434, 15441, 15447, 15451, 15460, 15461, 15466, 15467, 15469, 15472, 15475, 15477, 15479, 15481, 15482, 15485, 15504, 15510, 15512, 15515, 15518, 15519, 15533, 15536, 15542, 15558, 15561, 15564, 15566, 15568, 15577, 15580, 15586, 15587, 15595, 15598, 15600, 15603, 15604, 15605, 15617, 15619, 15620, 15630, 15631, 15632, 15642, 15646, 15652, 15654, 15658, 15671, 15673, 15675, 15680, 15682, 15694, 15701, 15703, 15706, 15709, 15711, 15712, 15717, 15719, 15727, 15731, 15732, 15736, 15738, 15743, 15753, 15754, 15757, 15758, 15765, 15766, 15770, 15775, 15778, 15780, 15785, 15793, 15794, 15811, 15820, 15824, 15832, 15851, 15861, 15862, 15867, 15869, 15870, 15874, 15881, 15882, 15899, 15914, 15923, 15934, 15937, 15949, 15952, 15953, 15956, 15963, 15965, 15966, 15967, 15970, 15974, 15989, 15991, 15993, 15998, 16002, 16011, 16012, 16018, 16034, 16036, 16037, 16040, 16041, 16075, 16087, 16094, 16095, 16100, 16102, 16105, 16119, 16127, 16132, 16136, 16143, 16147, 16155, 16156, 16159, 16160, 16174, 16177, 16179, 16181, 16185, 16191, 16193, 16199, 16208, 16209, 16219, 16224, 16233, 16238, 16241, 16243, 16250, 16251, 16253, 16255, 16258, 16263, 16267, 16272, 16276, 16282, 16286, 16291, 16294, 16315, 16317, 16322, 16327, 16332, 16333, 16340, 16344, 16351, 16364, 16370, 16378, 16380]+[12306, 18576, 10403, 10435, 16610, 12532, 10487, 18772, 12636, 10673, 18924, 12785, 14850, 14867, 10796, 10959, 19154, 19178, 11018, 11067, 19262, 11081, 17234, 11100, 17338, 13305, 17416, 17455, 11319, 15439, 11377, 19593, 19629, 17654, 13581, 13660, 13669, 17845, 17877, 19941, 17959, 11833, 13912, 18009, 16056, 12033, 14197, 18333]+[10279, 12327, 14404, 16472, 16484, 10346, 16521, 14485, 10399, 10403, 14499, 10405, 16555, 12459, 10435, 18630, 14547, 10454, 14550, 18672, 10487, 12558, 10554, 16714, 12654, 14755, 16806, 10688, 16863, 16866, 10726, 18922, 10732, 16883, 12785, 14845, 10759, 10838, 16985, 19043, 14946, 14949, 12918, 19084, 17046, 19129, 15040, 17126, 19184, 11018, 13086, 11067, 15182, 13145, 11100, 13157, 19335, 13211, 13217, 19389, 11255, 15418, 19519, 17488, 15439, 19538, 13399, 19573, 19591, 11405, 15502, 17553, 15534, 15551, 11481, 13536, 11490, 17639, 15602, 13581, 11551, 11566, 17717, 13646, 11601, 15707, 19815, 13756, 13761, 19912, 19923, 19941, 17900, 17926, 15917, 13876, 13892, 15939, 13896, 11849, 13900, 15948, 18022, 16005, 18083, 13997, 16056, 11999, 14086, 16162, 12101, 18276, 10092, 12179, 18324, 10155, 10174, 18368, 10188, 12236, 12250, 16368]+[12300, 10287, 16437, 16461, 18516, 16501, 16521, 12423, 18576, 14504, 14503, 12459, 10435, 14547, 14550, 10474, 18672, 10487, 18731, 14645, 16716, 14727, 10654, 14755, 18855, 12712, 10688, 14797, 10707, 14805, 18909, 16863, 16866, 10726, 14822, 18922, 18924, 10732, 18928, 16931, 10796, 10824, 19018, 16985, 19058, 12918, 12946, 12947, 17050, 19100, 15016, 17073, 15040, 15084, 19201, 11022, 19226, 15131, 13086, 17187, 15182, 15183, 13137, 11100, 13217, 19374, 13234, 17338, 15321, 17376, 11255, 19455, 15397, 17451, 19511, 19519, 15439, 19579, 15498, 13454, 11425, 15530, 13572, 17669, 13581, 17679, 19730, 11541, 17717, 13677, 19833, 17809, 17812, 17825, 13731, 19912, 15813, 11724, 15823, 13790, 19936, 19941, 15846, 17926, 13876, 13896, 11849, 11883, 15980, 13984, 11937, 16056, 12014, 12041, 18241, 18246, 14197, 18301, 10155, 12219, 12240, 14297, 16368, 10239]+[14850, 11268, 17926, 10759, 10248, 17416, 12300, 16397, 19999, 16931, 15397, 10279, 17959, 10796, 10287, 17455, 13876, 16437, 19511, 11319, 15418, 19519, 15939, 14404, 13892, 10824, 13896, 19018, 16461, 15439, 17488, 19538, 13399, 16472, 16985, 18009, 16480, 14946, 19043, 16484, 14438, 18022, 10346, 11883, 15980, 19058, 19573, 12918, 19576, 19579, 12423, 16521, 10379, 19084, 16526, 13454, 15502, 17553, 12946, 12947, 14485, 17046, 17050, 19100, 13984, 10403, 14499, 10405, 15012, 14503, 15016, 18083, 15530, 16555, 12459, 19629, 13997, 17073, 16056, 19129, 14013, 15551, 17088, 15040, 10435, 14547, 10454, 11481, 13020, 11999, 16610, 13541, 17126, 17639, 15084, 12014, 18672, 17136, 19184, 15602, 17654, 10487, 12033, 14595, 12038, 12041, 10506, 11018, 13581, 11022, 17679, 19219, 11541, 10005, 19226, 15131, 17182, 18731, 11566, 14645, 13110, 17717, 10554, 11067, 10239, 19262, 18246, 11081, 16716, 13646, 13137, 17234, 11095, 13145, 19801, 15707, 12636, 11100, 14688, 13157, 19815, 13677, 18802, 19833, 18301, 19335, 16268, 12689, 12179, 17812, 13211, 18333, 10654, 13217, 17825, 13731, 16806, 18855, 12712, 10155, 19374, 13234, 17333, 19381, 17338, 13756, 10688, 13761, 18368, 15813, 14282, 10188, 14797, 12236, 15823, 13266, 19923, 14805, 18909, 16863, 19936, 16866, 19941, 10726, 14822, 10728, 15846, 18922, 18924, 10732, 19437, 17900, 18928, 16368, 16883, 13811, 11255, 13305, 19455]+[16390, 12295, 12296, 12297, 12299, 16403, 12307, 12313, 16412, 16413, 16416, 12322, 16426, 12331, 16455, 16465, 12390, 12393, 16494, 16495, 12399, 12402, 12414, 16511, 16512, 16517, 16518, 16522, 16534, 16538, 16547, 12456, 16553, 16568, 12478, 16592, 16594, 12498, 16599, 16604, 16607, 16609, 16617, 16619, 16647, 12553, 16650, 16658, 16659, 12575, 12589, 12597, 12605, 16706, 16710, 16713, 16718, 12621, 16729, 12635, 12641, 12642, 16751, 16752, 12656, 16754, 12662, 16763, 16767, 16771, 16772, 12680, 16784, 12695, 12696, 16800, 16801, 16803, 12708, 16807, 12713, 12717, 16824, 12730, 16827, 12733, 12743, 12751, 12756, 16854, 16856, 12760, 16860, 16868, 12777, 12778, 16897, 12802, 12818, 12821, 16918, 12824, 12833, 12838, 16935, 12844, 16947, 12863, 16963, 12869, 16970, 12877, 12887, 16984, 12893, 12899, 17000, 17010, 17012, 12916, 12922, 12928, 12931, 12933, 12944, 17042, 17044, 12949, 17048, 17055, 17060, 17065, 17067, 12970, 17076, 17078, 17079, 17083, 17090, 17095, 13000, 13001, 17099, 13004, 17101, 17108, 13012, 13014, 17117, 17125, 13029, 17127, 13056, 13057, 13059, 17156, 13063, 13067, 13074, 13083, 17181, 13100, 13102, 17205, 13112, 13120, 17218, 13124, 13125, 17223, 17231, 13144, 17247, 17254, 13164, 17269, 13173, 17271, 13180, 13189, 17290, 13197, 13199, 17299, 17300, 17315, 13225, 13231, 17334, 13242, 17339, 17346, 17349, 17350, 13254, 17352, 17358, 13267, 17370, 13281, 13282, 13289, 17387, 17394, 13311, 17418, 17430, 13340, 13345, 17446, 17448, 17450, 17456, 17459, 17461, 13366, 13374, 13375, 13383, 17481, 17486, 17491, 13396, 13398, 17496, 13404, 17504, 17513, 13425, 13431, 17528, 17536, 17540, 17541, 17549, 17550, 13468, 17567, 17571, 13476, 13482, 13483, 13486, 17585, 13489, 13492, 13493, 13502, 17602, 17605, 13519, 13525, 13531, 17642, 17665, 17694, 17697, 17698, 13616, 17715, 13626, 13640, 13641, 13648, 17748, 17762, 13673, 13674, 17779, 13684, 13692, 13695, 17795, 13699, 13700, 13705, 17805, 13716, 13722, 17823, 17824, 13732, 17831, 13736, 13758, 17871, 13775, 13776, 13782, 17880, 17885, 17892, 17894, 13799, 13810, 13812, 13824, 13829, 13834, 13839, 17937, 13844, 17946, 13853, 17963, 13868, 13883, 17980, 17985, 17994, 13899, 13902, 18004, 13913, 18010, 18012, 18015, 18023, 18025, 13928, 18051, 13955, 18054, 18060, 18063, 13968, 18065, 13973, 18071, 18076, 18080, 18086, 13992, 14015, 18112, 14016, 18114, 14020, 14025, 14039, 18137, 18142, 18144, 14049, 14051, 18150, 14054, 14063, 14065, 18164, 18166, 14072, 14074, 18173, 18177, 18182, 14087, 18190, 14108, 18222, 14126, 10032, 18230, 14140, 18239, 18240, 14147, 18253, 10062, 14159, 18257, 18259, 18261, 18263, 14168, 18269, 18272, 10081, 10091, 10093, 18286, 14192, 10098, 18291, 14201, 10109, 14207, 18305, 18306, 18309, 10137, 14234, 18331, 10141, 10142, 18337, 10147, 14250, 10157, 10161, 14269, 14273, 18373, 10183, 10186, 18381, 14286, 18383, 10193, 14290, 18389, 18390, 10202, 14301, 18398, 18406, 18407, 10218, 14322, 10228, 14327, 14328, 14330, 10235, 18430, 14335, 14339, 10246, 14343, 14346, 14349, 14350, 10261, 14360, 10266, 18466, 14374, 10281, 14380, 14382, 18479, 14384, 10289, 10290, 10296, 10310, 10311, 14406, 14412, 14414, 10320, 14419, 18517, 10326, 18521, 18527, 14437, 10347, 18540, 10359, 18554, 18555, 14459, 10370, 14466, 14472, 10381, 10382, 10386, 18579, 10387, 14483, 10391, 14489, 14490, 10396, 18589, 18590, 14492, 14493, 18594, 10406, 18600, 14505, 10416, 14515, 18615, 18621, 10429, 10431, 14525, 18629, 14537, 18641, 10458, 14555, 18652, 10460, 14562, 14564, 18663, 14567, 14572, 18674, 10481, 10483, 18679, 10488, 14588, 18693, 10509, 14606, 18715, 18722, 10533, 14632, 18729, 10537, 10538, 14637, 10548, 14644, 18742, 18748, 10556, 14653, 18752, 10566, 10570, 18763, 14666, 18765, 14673, 10578, 14692, 10601, 14697, 18795, 10607, 14711, 14725, 18828, 10636, 14743, 10652, 10653, 14749, 14757, 10662, 18857, 18858, 10665, 18864, 14771, 18871, 14775, 18878, 10690, 14788, 14791, 10703, 18898, 10706, 14804, 10709, 10712, 18906, 18910, 10719, 14816, 10722, 10723, 18919, 10727, 18923, 14827, 18926, 10736, 14832, 10743, 14842, 18939, 10748, 14843, 14844, 10752, 14851, 10756, 18952, 10760, 10765, 10775, 18972, 18973, 14877, 18975, 10788, 10789, 14885, 18986, 18987, 10794, 10797, 18990, 18992, 18997, 18999, 10809, 14906, 19006, 10814, 14913, 14915, 19014, 14922, 19024, 10832, 19033, 10842, 19037, 19042, 10853, 19047, 19052, 14956, 19059, 19060, 10871, 14967, 10877, 14976, 14978, 14982, 14986, 14988, 19087, 10896, 10898, 19091, 19093, 10904, 10907, 15010, 19114, 15018, 19120, 15038, 15039, 15045, 15059, 19156, 10970, 15072, 19177, 19180, 10991, 11000, 15098, 19197, 11006, 11012, 15107, 19206, 11016, 15118, 19216, 15119, 11027, 15127, 15137, 15139, 15147, 11052, 19250, 19252, 15157, 11064, 11070, 15170, 11075, 19271, 15174, 15176, 19276, 15181, 11086, 19282, 19284, 15192, 19291, 19293, 11099, 11103, 11104, 19300, 15203, 19302, 11111, 19312, 11130, 15227, 15228, 15229, 15231, 11137, 15242, 11147, 11148, 15245, 19343, 15259, 19357, 15263, 15266, 11175, 19371, 11180, 15278, 15285, 19382, 19390, 19395, 15304, 15305, 11215, 19412, 15315, 11225, 11228, 11229, 15326, 15334, 15339, 15344, 15350, 19448, 11256, 11259, 15359, 19460, 19461, 11270, 11271, 15372, 19473, 19478, 19488, 19490, 15395, 19492, 19493, 19494, 11300, 11302, 11306, 11310, 15415, 19516, 15428, 11335, 11338, 11344, 11345, 19539, 15445, 19547, 19549, 11356, 19551, 11358, 11366, 15462, 19560, 15464, 19566, 19571, 11379, 15478, 19580, 11392, 19585, 15489, 15490, 11398, 11403, 15507, 19607, 19611, 19613, 19615, 15521, 19620, 11432, 15535, 11440, 15537, 19640, 19641, 19649, 11459, 15560, 11466, 15562, 15563, 19663, 11475, 15571, 15576, 11482, 15591, 19698, 11508, 11509, 19705, 15612, 11517, 11520, 19718, 19723, 15627, 15633, 19733, 19736, 15640, 19741, 19742, 19743, 11558, 11561, 15659, 19757, 11569, 19765, 11580, 19787, 19793, 19819, 15723, 11631, 15729, 11634, 15739, 15746, 15749, 11654, 19848, 11659, 15756, 19855, 15759, 19858, 11666, 15762, 11677, 15777, 11682, 19876, 11692, 19885, 15789, 19896, 15799, 19899, 11710, 15814, 11728, 15825, 15826, 11733, 19926, 11736, 19931, 15836, 11741, 15840, 11745, 11748, 15845, 11751, 15847, 19945, 19946, 11756, 15853, 15855, 15860, 19957, 11768, 11771, 11779, 11781, 15878, 11785, 19991, 19994, 15900, 15901, 11810, 11816, 11825, 15929, 11851, 11852, 15947, 15955, 11867, 15971, 11877, 11882, 11885, 15986, 11896, 11899, 15997, 16000, 11906, 11908, 11909, 16006, 16009, 16016, 11933, 11952, 16050, 11960, 11972, 16076, 16078, 11992, 16089, 11996, 12001, 12005, 12006, 12009, 12010, 12015, 12018, 16115, 12021, 16117, 12025, 16131, 16137, 16142, 16148, 12053, 12054, 12055, 16165, 16167, 12078, 12084, 16180, 16187, 12096, 16194, 16202, 12112, 16213, 12119, 16215, 12125, 16226, 12134, 12139, 12140, 16235, 12148, 12149, 16248, 16254, 16261, 12167, 16270, 16274, 12182, 12198, 16295, 12209, 16308, 16309, 12220, 16328, 12237, 16334, 16345, 16347, 12254, 12258, 12259, 12263, 16360, 16365, 12280, 12281]


--------------------------------------------------------------------------------
reporter
①每天只参加一个活动(如Day1只参加A会场活动),且sid感应次数>=某阈值(对展厅:>=20,对主会场:>=8,对分会场:>=10)
②三天内只来过一种活动现场(如只来过展厅,而没来过主分会场)且在该现场的sid移动次数>=20,且从未去过room2/5/6等员工开会或休息的地方
[16386, 12291, 18451, 12329, 10297, 12362, 14416, 16482, 14458, 14462, 16519, 18567, 14491, 18605, 16569, 14550, 18648, 12508, 16612, 18675, 18700, 16707, 12613, 16714, 12677, 14733, 14755, 12732, 16841, 10731, 16900, 12827, 16968, 16992, 19053, 10883, 17033, 12940, 12952, 17061, 12966, 10926, 12981, 19151, 17143, 13086, 13090, 17193, 11051, 11061, 15171, 13128, 13142, 15226, 19353, 19360, 19367, 19405, 11230, 19426, 13293, 13321, 11286, 11363, 17509, 19564, 13438, 19642, 13513, 17644, 19699, 15634, 11579, 19781, 19824, 17782, 13709, 15760, 17813, 15779, 17830, 11716, 13785, 19930, 15834, 17884, 13825, 15875, 15877, 15884, 15890, 13850, 11849, 13953, 11926, 13975, 18078, 16084, 12059, 14142, 16198, 10092, 18298, 16278, 10148, 18341, 14254, 18400, 12265, 16372, 12349, 14397, 10336, 18534, 14446, 16501, 12432, 16549, 14504, 16558, 10414, 16566, 12520, 12521, 10485, 18709, 10568, 12617, 10597, 10598, 18797, 18809, 18890, 16850, 10707, 12780, 10739, 12786, 14871, 16927, 18989, 14893, 12867, 14920, 14934, 10848, 17035, 13047, 17187, 13113, 15162, 15207, 19354, 15257, 15321, 17451, 11325, 17472, 17492, 15448, 17499, 11368, 11377, 13437, 15498, 13474, 15552, 13520, 11485, 13543, 17669, 11543, 15648, 11554, 19778, 17734, 17741, 13659, 15728, 13726, 13727, 19892, 17848, 11708, 11724, 13780, 13790, 17927, 13841, 13857, 11858, 18011, 13918, 18020, 11878, 11879, 15982, 16015, 18070, 13978, 18101, 11963, 14027, 16124, 16126, 18191, 18192, 18217, 12073, 16183, 18238, 18241, 18247, 16201, 16205, 14167, 12142, 10095, 14197, 18344, 18361, 12219, 10173, 12223, 12240, 14297, 10262, 12785, 19108, 15054, 17265, 19350, 17400, 19535, 17615, 13536, 11548, 19892, 16005]+[12343, 16636, 17113, 17440, 17864, 10591, 14750, 14882, 14904, 10868, 19229, 11348, 11684, 11773]
--------------------------------------------------------------------------------
guest
①每天只参加一个活动(如Day1只参加A会场活动),且sid感应次数<某阈值(对展厅:>=20,对主会场:>=8,对分会场:>=10)
②三天内只来过一种活动现场(如只来过展厅,而没来过主分会场)且在该现场的sid移动次数<20,且从未去过room2/5/6等员工开会或休息的地方
[12290, 14347, 10255, 10258, 12306, 18454, 12316, 18467, 16423, 18472, 12327, 14376, 18478, 10291, 12342, 12345, 14394, 14401, 16454, 10316, 12368, 14417, 10322, 18516, 14422, 12382, 14433, 14434, 18532, 10341, 14447, 14452, 14457, 10363, 12415, 14465, 18571, 18576, 12433, 10399, 18593, 14502, 12455, 16557, 18611, 14519, 14523, 12479, 18624, 10434, 18630, 10448, 18642, 16595, 16603, 12511, 10465, 10474, 12522, 14570, 12530, 18676, 12532, 12535, 14585, 12539, 10493, 12558, 10515, 14614, 12572, 10531, 14630, 14638, 16701, 16703, 18757, 16712, 18772, 16727, 18796, 12654, 14710, 16762, 18815, 14727, 18825, 12682, 16779, 14731, 14734, 18831, 18843, 18846, 10663, 18859, 10671, 18863, 10673, 16818, 10682, 10686, 10695, 12746, 16843, 18904, 10717, 16865, 12770, 18927, 10735, 12784, 16881, 16889, 12796, 18941, 14845, 10751, 18947, 16904, 12812, 18963, 14867, 10776, 18976, 16928, 18978, 18982, 18995, 14905, 19004, 19005, 10815, 19008, 19013, 16976, 12882, 10838, 14936, 10850, 14949, 19049, 19057, 17014, 12919, 19075, 14981, 12943, 17040, 14999, 15002, 19099, 12955, 12958, 15020, 19126, 10934, 15033, 15034, 12988, 15041, 19138, 10948, 10951, 10956, 13006, 10959, 19154, 15064, 19178, 17133, 17134, 15086, 19201, 11015, 19244, 11057, 17206, 13111, 17217, 11074, 17219, 13123, 15182, 15183, 11087, 19289, 11102, 15213, 15216, 19313, 11128, 13177, 15233, 11141, 11146, 19351, 17305, 11167, 13222, 13232, 15283, 19380, 15287, 19389, 13246, 11211, 17356, 19406, 15313, 17363, 11220, 17365, 15318, 17376, 11236, 17381, 15336, 13303, 17414, 13320, 11277, 11283, 11289, 13349, 17452, 11309, 11312, 13360, 11316, 17468, 15423, 13381, 13385, 15457, 17508, 19563, 13419, 15468, 17520, 19572, 17531, 11393, 13443, 19591, 17545, 19593, 11405, 19599, 11412, 11418, 11425, 17570, 17581, 15534, 17588, 17589, 17590, 11447, 13530, 17627, 19679, 17632, 11490, 13545, 15593, 13572, 15628, 19730, 17685, 19734, 11542, 13592, 19739, 15644, 13595, 11551, 17700, 19750, 19758, 13625, 11581, 17726, 15685, 15687, 11600, 11601, 17752, 19804, 13660, 11615, 19809, 13669, 13670, 19817, 11636, 17786, 13694, 11648, 19845, 11660, 17809, 11665, 19870, 17827, 17839, 17845, 13753, 19904, 13760, 19906, 17858, 19910, 13766, 19912, 19921, 17877, 15831, 19940, 15850, 13803, 19952, 19954, 11763, 15863, 11769, 13818, 19967, 11776, 19972, 19975, 11786, 13835, 17932, 17935, 13845, 11806, 13864, 15917, 13870, 11831, 13881, 11833, 15932, 17987, 15943, 13900, 15948, 18005, 15957, 13912, 18017, 18018, 18032, 18035, 18045, 13969, 13972, 13976, 11937, 18099, 16057, 16068, 18118, 16081, 11987, 11990, 16091, 11998, 18143, 14066, 16121, 16123, 14080, 14086, 18183, 12040, 16134, 16149, 14107, 16162, 18216, 12072, 18221, 12079, 10033, 14134, 12101, 14164, 10070, 14169, 16220, 16222, 14176, 18276, 16228, 16229, 10087, 18290, 18293, 10118, 12171, 12172, 18324, 14238, 12191, 16288, 16312, 12216, 10171, 10174, 10175, 14272, 12227, 12234, 10190, 16336, 14289, 12250, 12256, 14305, 18429]+[16387, 18437, 19976, 16402, 15383, 17434, 14371, 18993, 13874, 10300, 17981, 10819, 13894, 19529, 12878, 19023, 10840, 19545, 17500, 10335, 15455, 14440, 18026, 17029, 19592, 10893, 14993, 15508, 11924, 13464, 11419, 10915, 15524, 18098, 19123, 15543, 13499, 15035, 11968, 14531, 17607, 14541, 13523, 18646, 19170, 16620, 10476, 19183, 15088, 18673, 17142, 17146, 16645, 15111, 10504, 11527, 17674, 16135, 16141, 19214, 16655, 10001, 18194, 16666, 13084, 15647, 14625, 15649, 12068, 19245, 17200, 16691, 12598, 13117, 12094, 10749, 11078, 11594, 16204, 14671, 19279, 16724, 18774, 13655, 18776, 14173, 10078, 16223, 14178, 19812, 10089, 18798, 10097, 14707, 18804, 11125, 17785, 10108, 17790, 13182, 15742, 18817, 11649, 16256, 16260, 19852, 10637, 14235, 15264, 19879, 15783, 11181, 19887, 18354, 15796, 15286, 17847, 14780, 15294, 10687, 17861, 10702, 14304, 13796, 14313, 17386, 17898, 15849, 19438, 10236, 17917, 17406, 12799]
